== Rreports for Developers' Area ==

# churns_per_mp.rpt
-- How many churns made by developers in different merge periods

# churns_per_rdp.rpt
-- How many churns made by developers in different release development periods

# devs_per_mp.rpt
-- How many developers working in different merge periods

# devs_per_rdp.rpt
-- How many developers working in different release development periods

# Corr 2: Get the correlation between the percentage of working with owned files in MP and that in General for the developers working in MP

Main Variable: percentage_of_owned_files_mp
Independent Variables: percentage of working owned files in geneneral (op_gen), average ownership (ow_avg), churn_percentage mp (chp_mp), churn percentage general (chp_gen)

## Linear Model

Call:
lm(formula = table[[a[1]]] ~ table[[b[1]]] + table[[b[2]]] + table[[b[3]]] + table[[b[4]]]) # for all variables

Residuals:
     Min       1Q   Median       3Q      Max
-104.236  -25.643   -7.187   18.274  126.013

Coefficients:
              Estimate Std. Error t value Pr(>|t|)    
(Intercept)   25.24740    0.45756  55.179  < 2e-16 ***
op_gen 	      -0.61858    0.06467  -9.565  < 2e-16 ***
ow_avg         1.22344    0.05631  21.727  < 2e-16 ***
chp_mp         3.19476    0.39430   8.102 6.18e-16 ***
chp_gen       -2.31945    0.26021  -8.914  < 2e-16 ***
---
Signif. codes:  0 ‘***’ 0.001 ‘**’ 0.01 ‘*’ 0.05 ‘.’ 0.1 ‘ ’ 1 

Residual standard error: 32.33 on 8052 degrees of freedom
Multiple R-squared: 0.1232,	Adjusted R-squared: 0.1228 
F-statistic: 282.8 on 4 and 8052 DF,  p-value: < 2.2e-16 


## Kendall Correlation:

cor(table, use="complete.obs", method="kendall") 
            op_mp    op_gen    ow_avg    chp_mp   chp_gen
op_mp   1.0000000 0.2447525 0.3312532 0.2494607 0.2080215
op_gen  0.2447525 1.0000000 0.5955383 0.3142866 0.4004456
ow_avg  0.3312532 0.5955383 1.0000000 0.4977590 0.6056799
chp_mp  0.2494607 0.3142866 0.4977590 1.0000000 0.7199135
chp_gen 0.2080215 0.4004456 0.6056799 0.7199135 1.0000000

## Spearman Correlation:

cor(table, use="complete.obs", method="spearman")
            op_mp    op_gen    ow_avg    chp_mp   chp_gen
op_mp   1.0000000 0.2897372 0.4496376 0.3325738 0.2826761
op_gen  0.2897372 1.0000000 0.7110714 0.3979727 0.5075383
ow_avg  0.4496376 0.7110714 1.0000000 0.6754475 0.7982253
chp_mp  0.3325738 0.3979727 0.6754475 1.0000000 0.8446221
chp_gen 0.2826761 0.5075383 0.7982253 0.8446221 1.0000000

## Pearson Correlation:

cor(table, use="complete.obs", method="pearson")
            op_mp    op_gen    ow_avg    chp_mp   chp_gen
op_mp   1.0000000 0.2191547 0.3198026 0.1879231 0.1178240
op_gen  0.2191547 1.0000000 0.8553728 0.1989055 0.2339703
ow_avg  0.3198026 0.8553728 1.0000000 0.4004514 0.4272108
chp_mp  0.1879231 0.1989055 0.4004514 1.0000000 0.7028149
chp_gen 0.1178240 0.2339703 0.4272108 0.7028149 1.0000000 

The rcorr( ) function in the Hmisc package produces correlations/covariances and significance levels for pearson and spearman correlations.
However, input must be a matrix and pairwise deletion is used. 

# reports.sql
-- Containing all the sql for every report
